0.6
0.79
0.3
0.54
0.5555
0.74
0.3805
0.62
0.7555000000000001
0.85
0.4805
0.55
0.7833333333333333
0.88
0.6
0.85
0.325
0.51
0.725
0.85
0.3055
0.54
0.6528333333333333
0.84
0.7000000000000001
0.78
0.2916666666666667
0.47
0.7833333333333333
0.83
0.36116666666666664
0.52
0.2916666666666667
0.62
0.7999999999999999
0.84
0.26666666666666666
0.52
0.7083333333333334
0.79
0.3
0.51
0.2916666666666667
0.47
0.5750000000000001
0.78
0.5111666666666667
0.69
0.7555000000000001
0.74
0.6
0.83
0.32783333333333337
0.55
0.6805
0.76
0.6416666666666667
0.78
0.7388333333333333
0.79
0.7166666666666667
0.73
0.7444999999999999
0.77
0.5611666666666667
0.66
0.6721666666666667
0.8
0.6388333333333334
0.74
0.33616666666666667
0.52
0.31116666666666665
0.48
0.8055
0.8
0.3055
0.59
0.7971666666666667
0.9
0.725
0.8
0.31383333333333335
0.58
0.7611666666666667
0.84
0.2916666666666667
0.58
0.7555000000000001
0.73
0.5528333333333334
0.83
0.6388333333333334
0.64
0.35000000000000003
0.53
0.7721666666666667
0.82
0.3333333333333333
0.59
0.7999999999999999
0.75
0.786
0.9
0.3055
0.54
0.8055
0.8
0.28883333333333333
0.54
0.8138333333333333
0.83
0.6195
0.71
0.2778333333333333
0.64
0.7611666666666667
0.77
0.7195
0.81
0.3721666666666667
0.59
0.75
0.84
0.2916666666666667
0.48
0.7999999999999999
0.82
0.30283333333333334
0.6
0.7333333333333334
0.92
0.6945
0.78
0.7833333333333333
0.78
0.34450000000000003
0.65
0.7833333333333333
0.73
0.6721666666666667
0.82
0.32783333333333337
0.56
0.75
0.79
0.6666666666666666
0.71
0.3305
0.62
0.8445
0.76
0.33616666666666667
0.6
0.7611666666666667
0.78
0.6471666666666667
0.76
0.6
0.83
0.6888333333333333
0.75
0.7221666666666667
0.82
0.6833333333333332
0.7
0.43883333333333335
0.65
0.6778333333333334
0.73
0.8221666666666666
0.88
0.6583333333333333
0.76
0.7528333333333334
0.8
0.36116666666666664
0.48
0.6666666666666666
0.86
0.3666666666666667
0.6
0.7221666666666667
0.9
0.31116666666666665
0.5
0.8028333333333334
0.78
0.3055
0.63
0.7166666666666667
0.72
0.7778333333333333
0.84
0.625
0.75
0.31116666666666665
0.51
0.8166666666666668
0.82
0.41383333333333333
0.62
0.7278333333333333
0.88
0.35000000000000003
0.49
0.75
0.83
0.6749999999999999
0.81
0.31116666666666665
0.47
0.7833333333333333
0.84
0.29716666666666663
0.52
0.8083333333333332
0.86
0.6138333333333333
0.81
0.7888333333333333
0.75
0.3833333333333333
0.59
0.8166666666666668
0.89
0.7361666666666666
0.79
0.2833333333333333
0.59
0.7721666666666667
0.81
0.3861666666666667
0.5
0.7666666666666666
0.85
0.30283333333333334
0.59
0.7361666666666666
0.87
0.43616666666666665
0.53
0.6778333333333334
0.69
0.7083333333333334
0.77
0.32783333333333337
0.56
0.7666666666666666
0.88
0.6278333333333334
0.81
0.3195
0.45
0.75
0.82
0.3778333333333333
0.55
0.775
0.9
0.31116666666666665
0.45
0.6945
0.83
0.4666666666666666
0.56
0.7221666666666667
0.89
0.3055
0.46
0.7305
0.82
0.31383333333333335
0.51
0.8221666666666666
0.86
0.3388333333333333
0.53
0.6221666666666666
0.79
0.7054999999999999
0.81
0.3721666666666667
0.6
0.7555000000000001
0.82
0.8028333333333334
0.77
0.7221666666666667
0.76
0.3305
0.59
0.7721666666666667
0.8
0.33616666666666667
0.49
0.85
0.96
0.3
0.53
0.8388333333333334
0.77
0.6666666666666666
0.77
0.39999999999999997
0.65
0.7666666666666666
0.81
0.5945
0.71
0.6666666666666666
0.7
0.75
0.81
0.6805
0.93
0.3
0.53
0.6611666666666667
0.89
0.3666666666666667
0.45
0.6916666666666668
0.86
0.3333333333333333
0.58
0.6388333333333334
0.78
0.5833333333333334
0.66
0.7638333333333334
0.76
0.3945
0.63
0.8333333333333334
0.88
0.32216666666666666
0.52
0.7695
0.93
0.3195
0.49
0.3471666666666667
0.57
0.7638333333333334
0.77
0.5555
0.68
0.6945
0.81
0.7221666666666667
0.81
0.75
0.73
0.4028333333333333
0.5
0.6666666666666666
0.85
0.6945
0.74
0.31383333333333335
0.55
0.7638333333333334
0.77
0.7083333333333334
0.83
0.6278333333333334
0.83
0.3388333333333333
0.51
0.7388333333333333
0.78
0.6805
0.84
0.3055
0.46
0.7361666666666666
0.83
0.3638333333333333
0.55
0.7999999999999999
0.81
0.3055
0.57
0.7999999999999999
0.76
0.6833333333333332
0.84
0.661
0.77
0.7054999999999999
0.81
0.5833333333333334
0.87
0.7276666666666666
0.77
0.375
0.51
0.7778333333333333
0.78
0.35000000000000003
0.6
0.725
0.82
0.6888333333333333
0.91
0.31116666666666665
0.53
0.7666666666666666
0.78
0.29716666666666663
0.46
0.7278333333333333
0.77
0.6416666666666667
0.84
0.32216666666666666
0.49
0.75
0.83
0.39716666666666667
0.71
0.7833333333333333
0.8
0.31116666666666665
0.49
0.6388333333333334
0.75
0.5695
0.64
0.7054999999999999
0.76
0.39999999999999997
0.53
0.7999999999999999
0.94
0.3333333333333333
0.55
0.6916666666666668
0.76
0.31116666666666665
0.5
0.7111666666666667
0.82
0.2916666666666667
0.54
0.7471666666666666
0.75
0.6666666666666666
0.78
0.6861666666666667
0.79
0.6805
0.78
0.7111666666666667
0.78
0.6528333333333333
0.7
0.7583333333333333
0.79
0.6805
0.7
0.4028333333333333
0.54
0.6971666666666666
0.86
0.3695
0.5
0.7416666666666667
0.9
0.31383333333333335
0.54
0.30833333333333335
0.54
0.7138333333333334
0.77
0.6583333333333333
0.79
0.38883333333333336
0.64
0.6916666666666668
0.75
0.39166666666666666
0.47
0.8221666666666666
0.86
0.48333333333333334
0.63
0.7638333333333334
0.85
0.6388333333333334
0.82
0.3471666666666667
0.57
0.7278333333333333
0.82
0.3555
0.67
0.725
0.74
0.3666666666666667
0.54
0.7416666666666667
0.83
0.5945
0.73
0.75
0.73
0.6916666666666668
0.88
0.6361666666666667
0.8
0.6528333333333333
0.71
0.7416666666666667
0.83
0.3333333333333333
0.56
0.7138333333333334
0.79
0.7945000000000001
0.78
0.7555000000000001
0.84
0.30833333333333335
0.58
0.7083333333333334
0.83
0.3305
0.43
0.375
0.6
0.7916666666666666
0.75
0.6861666666666667
0.81
0.35833333333333334
0.46
0.7361666666666666
0.9
0.30283333333333334
0.46
0.7444999999999999
0.74
